   0.0000000000000000       4.13924972890918827E-002
  0.50000000000000000       4.60358860729516567E-002
   1.0000000000000000       4.65492696754143884E-002
   1.5000000000000000       3.02735522703639730E-002
   2.0000000000000000       1.66203839143303708E-002
   2.5000000000000000       8.90911478257787846E-003
   3.0000000000000000       4.82087002625049537E-003
   3.5000000000000000       2.74027639448943183E-003
   4.0000000000000000       1.60164410776409446E-003
   4.5000000000000000       9.75555319562484134E-004
   5.0000000000000000       6.19779749986788591E-004
   5.5000000000000000       4.00852583003310874E-004
   6.0000000000000000       2.68306951917515084E-004
   6.5000000000000000       1.85902359512884005E-004
   7.0000000000000000       1.30114777020103961E-004
   7.5000000000000000       9.23393091014073773E-005
   8.0000000000000000       6.72837366089712739E-005
   8.5000000000000000       4.97987278441686091E-005
   9.0000000000000000       3.76754836935031659E-005
   9.5000000000000000       2.83806891584633006E-005
   10.000000000000000       2.18406423448593988E-005
   10.500000000000000       1.69952473397981238E-005
   11.000000000000000       1.33574161804711291E-005
   11.500000000000000       1.06009803313077073E-005
   12.000000000000000       8.48876199728665886E-006
   12.500000000000000       6.92101353877689785E-006
   13.000000000000000       5.61982366427095339E-006
   13.500000000000000       4.54409665500730023E-006
   14.000000000000000       3.74093992013641213E-006
   14.500000000000000       3.09879627099728527E-006
   15.000000000000000       2.58034409595921067E-006
   15.500000000000000       2.16105320466652771E-006
   16.000000000000000       1.81786647756534689E-006
   16.500000000000000       1.53593265615564449E-006
   17.000000000000000       1.30407875143383570E-006
   17.500000000000000       1.11167128665683944E-006
   18.000000000000000       9.65910940111065521E-007
   18.500000000000000       8.28959021640572400E-007
   19.000000000000000       7.14471006116571812E-007
   19.500000000000000       6.10606911355056946E-007
   20.000000000000000       5.30041862808315738E-007
   20.500000000000000       4.61504163897678063E-007
   21.000000000000000       4.03358044357065871E-007
   21.500000000000000       3.53577066407010202E-007
   22.000000000000000       3.10678657688785936E-007
   22.500000000000000       2.73762202491309740E-007
   23.000000000000000       2.41810783587958869E-007
   23.500000000000000       2.14134973401653375E-007
   24.000000000000000       1.89846039872691508E-007
   24.500000000000000       1.68649886564057902E-007
   25.000000000000000       1.50232929411441834E-007
   25.500000000000000       1.34095954488618291E-007
   26.000000000000000       1.19833675499628497E-007
   26.500000000000000       1.07389251369368920E-007
   27.000000000000000       9.63941204277067271E-008
   27.500000000000000       8.66655474299413917E-008
   28.000000000000000       7.80528338478949031E-008
   28.500000000000000       7.04236817578619938E-008
   29.000000000000000       6.36471672949663573E-008
   29.500000000000000       5.75977161121732543E-008
   30.000000000000000       5.21844472266126465E-008
   30.500000000000000       4.73668192283845887E-008
   31.000000000000000       4.30681496710027753E-008
   31.500000000000000       3.92153935821393347E-008
   32.000000000000000       3.57488282109141713E-008
   32.500000000000000       3.26275528797712162E-008
   33.000000000000000       2.98056859990735989E-008
   33.500000000000000       2.72691631174203922E-008
   34.000000000000000       2.49759677151599370E-008
   34.500000000000000       2.29120227461061764E-008
   35.000000000000000       2.10198618295392066E-008
   35.500000000000000       1.93103220272572578E-008
   36.000000000000000       1.77624670416281493E-008
   36.500000000000000       1.63632054250619893E-008
   37.000000000000000       1.50851685001013708E-008
   37.500000000000000       1.39152598787937503E-008
   38.000000000000000       1.28439967913494954E-008
   38.500000000000000       1.18668860463727127E-008
   39.000000000000000       1.09805782070821289E-008
   39.500000000000000       1.01675075983138558E-008
   40.000000000000000       9.42088471361478913E-009
   40.500000000000000       8.73820741014546964E-009
   41.000000000000000       8.11191910517283762E-009
   41.500000000000000       7.53536378650835281E-009
   42.000000000000000       7.00545631317143634E-009
   42.500000000000000       6.51826153449774762E-009
   43.000000000000000       6.06863248583501667E-009
   43.500000000000000       5.65263767237778629E-009
   44.000000000000000       5.26722785150759700E-009
   44.500000000000000       4.91414750784152255E-009
   45.000000000000000       4.58797225830923080E-009
   45.500000000000000       4.28662693753242938E-009
   46.000000000000000       4.00756476533385691E-009
   46.500000000000000       3.74891360285459031E-009
   47.000000000000000       3.50915028525626051E-009
   47.500000000000000       3.28662520206180762E-009
   48.000000000000000       3.07995055412731907E-009
   48.500000000000000       2.88821146124738153E-009
   49.000000000000000       2.71009346292699742E-009
   49.500000000000000       2.54441227171722311E-009
   50.000000000000000       2.39019158616920400E-009
   50.500000000000000       2.24645275628546907E-009
   51.000000000000000       2.11240069171891465E-009
   51.500000000000000       1.98715598574436473E-009
   52.000000000000000       1.86985860328737908E-009
   52.500000000000000       1.76102072283560480E-009
   53.000000000000000       1.65941152485898497E-009
   53.500000000000000       1.56432835418812939E-009
   54.000000000000000       1.47535332654918863E-009
   54.500000000000000       1.39214308009431139E-009
   55.000000000000000       1.31395740304957698E-009
   55.500000000000000       1.24045510107010615E-009
   56.000000000000000       1.17173659074743961E-009
   56.500000000000000       1.10743866500868933E-009
   57.000000000000000       1.04731650812590344E-009
   57.500000000000000       9.90864473648979769E-010
   58.000000000000000       9.37973549427651724E-010
   58.500000000000000       8.88133076054376998E-010
   59.000000000000000       8.41131268561380963E-010
   59.500000000000000       7.96840594742311706E-010
   60.000000000000000       7.55179889251334749E-010
   60.500000000000000       7.15969278173959773E-010
   61.000000000000000       6.79243584067797196E-010
   61.500000000000000       6.44759493559651678E-010
   62.000000000000000       6.12115813169614763E-010
   62.500000000000000       5.81269032050593064E-010
   63.000000000000000       5.52200286709983686E-010
   63.500000000000000       5.24782335798072624E-010
   64.000000000000000       4.98909278150090574E-010
   64.500000000000000       4.74435794375093224E-010
   65.000000000000000       4.51350879080270687E-010
   65.500000000000000       4.29468793471158134E-010
   66.000000000000000       4.08819882461994137E-010
   66.500000000000000       3.89346512936857790E-010
   67.000000000000000       3.70916938691830006E-010
   67.500000000000000       3.53442742887958757E-010
   68.000000000000000       3.36886113114391361E-010
   68.500000000000000       3.21155526252370448E-010
   69.000000000000000       3.06264356458648946E-010
   69.500000000000000       2.92161795904581697E-010
   70.000000000000000       2.78812555336466053E-010
